$ANSIBLE_VAULT;1.1;AES256
38353536366539656536383965393664343661313761626632363533393863636166373062376138
3839663161386262653330653832333335646263633836330a636264306563653232666666636530
30633666663438613534346139663335613564333033613566626632323334393262346462343464
3433623035396630330a363334643635636165396138376161663562383138363863373764376565
64653534376465323563623932663163376265376364333062376430323336303764323638663839
61653334313338333262323531646363363934643461316438366531653265663937633062643264
35336635623132636565346136326561386530313034646233336162656134313362643035363935
65313138363237626237373338376532396230613633666135636439646338313633613134613461
33373137373265386563393865373862646434323632303766623233633133353261316538303762
35366234316662663665616162313734633766633565633938363830653135346361616264643034
66356234653036373835373836653336383737373966336364326661353662636532346639623737
39386338366434343434313063616139333165316235326663313932663162663061373766386138
65353439303235393834366630326165666631373735396561643761336633333632343435363233
62626461356139633966333230316163656339383161643733366363633565616136363634313862
36653464616332643563643239366636663236303537633865323665653532376365626661383066
32613739373266363838316430393366383539383431623937626632323432613939656564323936
35653537656336633264313563396663623737303165613266346337613136653638353432616261
31373537363238373032306132636635303961386135643266346635353439653062353935646636
37633735303763373537303435656330666438666166653061663763353239306232323233303839
64366539633364653832666264363438353762313432636137306339613939656666633531303661
38306331383364623865613834633134343366613736323434306532386336633563313062376434
64323235663366663136333761376639346136313235653663653961373137373435633638636136
63663663366265633466376138636632326461646465353231653462393830313031376263623535
38653339346433653861626535326535393333353831303630316330383835663463343034353930
63303831653736656633303435393733336634303133396165336161316466386339653665626134
65613666613034396635343931633734306630393834306239386364303639613030663136356436
34313365616634356362653536353564353637353133306238656364646336663064333036373930
61386461666364393561616563623535633533396237373430346534616661353163653665616437
31356666336239393237356464646335343762343234376631663839313839336432366366646637
30313630653233333836363431623638366135613832366661636435306465383466313662313164
34353136616131353438366435633632613835323434393464663433393236343966326233306431
39663665316161613534376132636534613039326334643930383337653538386330383633303063
62653665386438656562326264303538616164303564376462623036653037613230636639643937
37303837326435393734626531393666666439643537333465326163656530613235363134643938
33393265663661366132636464613631393662653930396166653834336338623063333366323135
61306635326630663930373735626633623734363164636562303738633364353461313036353332
39333632363436656362666166343965383438653839313336366338353365383565633766373766
34366565333962353033613262383739306430353362383839656362623738346433303636386539
62333536616430383034646335306539306536613133313635653930383631376631326534396562
65356666373665646333373039613734316436356135323661663731363964663333613234333465
62643334316462393639323039323638356136626665666239316666303365383162336462306136
33383463623863383734613931376530613038363263356332366134653063333839346439386233
64303436383664373065373939383334323539333933626266316632613231366135326665333862
33313963333865633236306138376632346436626262386332396466656632386133663833656265
66386334313731643533376633613263386237643461636532373537646536653233613461633963
61633631366566356234653832663539663435303034666663353435663436623161383434303435
31353439333137616162366366633731646435316330306362616639326432663736656162643630
36666662663438626332646663346263343564366532373537376537373435343436373832646531
63636365663130643730623432313131316236373663363463353234356661316239383064643964
66653337353133643437313763373732623437383033333165343836626331386638323363333864
61383961613961383162356237653064376164656465326563656263333137333839396437613665
36396436356637306462346333613763386566343033363366633831663433326137616634323031
61613933633662366464396137633164373430373035383932353330353236333262353739636664
35663938663630353966663366333362623930633366343334323532393837613737343836613034
65656639653030306435363063313762363839663537386165373137376438333331333331626532
66336236393261643433653565356137383330646263663431623461663937366537373136613835
63396336383138333964613665333165323733323334613330343564336333393164323062383335
66336432623432333234386465333565393462306139323035616363323734356564663239616233
63616535643839313034366332383234653934393132303862663736393064656265633430393934
61656136306538663938313531323633363764336137313834666233366261386262366237633938
65633031643965633539323333316164613534393166323536663433646563643931383233626464
61346634633136666138303032646561366534663539616365633634393234363437656130616232
33393631353633316132646164623832353537653761626530646563663638373366656162353136
36333635393361373062666130336136316265613331326236363437323637363564663038386663
34356161363733373238303137356465396363303837306261366630646232373934313736366434
65366462623562336263396332373862333739623235646633393538393839353032393839643761
37663734613863313338386361636362326332313638323266343132636337663365636663616335
66613161633837666636643863336166643766616665633739626164386161306330346230626137
66303638643062303130323465396638333562343637373538663730343136636537366532373362
65643336363639646263643666366562323166643466636334616238363132306566656234333330
63376565373461313034616537396236613833323931663061383537636636336135346663303230
36366637383265633935343161306636633666373939383133376366643633643235306230306239
35353264396439336666343635663239636566356664383461626335616261653132343762323130
38383932303230326531613735316533643334613832636630373932623432323934356463626436
64333764643334616133343836303866373834346634353130653934363165613766393933386565
61306632666566303030366163363730363865613065663363373264373461616538306138383865
31346236303233326232333463326135646566393833626435636634393963363638306461306233
35313934626331333233393533353162366663656365383437666232623261326563336637333732
65613936653733363866313935323466633833626631313662653663313533613164313465643638
34333538373534653866316561306433626663363331336335613530656132613037616434626563
37343630636433366666656236653235636136313236336266353164383161653535363032653834
39323935623139333239353161643665393138323239313865636366393734346662326232373265
62643430643265393762363565376236383165353764626334383936373332633535316537653362
62346633663765373164343037333238646630336265353335386663353436323363643863353463
64366666386539383765613637323334633635656336363335306636613633373338303439623265
64373762333839383137376665313864653066663832386561623332353131623364333736626236
62363131336163373730613539613031393631306563353261366466613434396436303834366332
33653363393234363839373264383862373362616635666430666532646130393566363066396331
36303564613366653137303461633936636331326631353232376137376231313531346533643535
62383666386364326361313762613136343137626162333264376461386561313937393465373033
38333364303835373837643066326139373530386137633933306538333531616437393138396332
37376231356362663538323330333462336338346165333030623964316536363232396261626665
63323566623937663837666531663666373263666361643434366437393633326165346135333233
63363338343036613566303334303861386562613533353032613833323631333463656232616562
35656661663666373361346666303565303134303833356564613536643936663835633931336266
39333866356630636133623266653334313733383336626630326162313062373765613636363461
64313635613938306333343635396339393336653264623066356262653665653237333634383432
30343237373032393230383266303664656665373034653464646532323638646231326634656235
31363564376564653936313435313838663430636635656132373566366334356466663536646130
38393031636239373634356464663537646537663132646663353835613165343265316531663734
63313336383466373631626564303462393634613135646237396535316563393830373262323262
65393230313666323533326165626530636136666565366135623034623763656339646564383237
38313866613036643837316332623338396361346461616562346336656330323961633663613732
39626366396130623765386164306166626535653161666337636331633734313661616364333462
36636666396462393032313231666532633961643333383565613963326466616230613332663531
64383738663138323330646635663864613937303035343335356266356263356263623863313839
31653965616463613132306434613335333938333864383565393363333635353930656363323731
31383330303164326363393638363733643430633136643639636261313466666631336533633037
66323438626136333838626666306665316338366136306263313333346664366637646139363631
65343262623262343933326131653839656461613430323130383130303133333264643464646437
62646238316366623539363463356335623162316564306362653432666136376363666238353036
62303365353437613539343939616538343965653334653466383331663362643138333437346232
34336536336436666266643464343562383463623937646161333464333139333637653534666365
38353363653630306638646464633439306334636266326162303039646462666237336130613438
33316138393534383131633838626332383061623933366265623232303266393032666434636337
38316138386365376464396239613531323839366433616137323733656438656337393264316365
35666137353339616634373562303639623035616132623531663131386632613231366131316362
39653434616239623238343661623936656638616635646138366338363762663666356635376238
30386161393966306663313034633365356666663530643864656539386133613335393363333432
61656436666537633766626664643837313264363936633965626564313064386534643939643536
66623563363964656563306664656664383432346462333566303462313463346131393264323564
63336336353264613330666133666631343461356236366434326366626435303039653431393936
31623936653362386438616136616333333536663161623631643534623835643162363235396232
39643062633365663963633236646137373434666462396335383030643632646635393339376135
64306661663735626138626566333337623135343530393063366165636532333434353934643366
66613932666633383137383333333432326334306433366634336538643861326262313630623635
39346366343030663563326665336364356632663862626266333939373732396332656539343531
63356166396635323734633862343865633639613533663465316139303534623965373538316433
62363438633630626438386464363132383734613566386634383638393038383266366464633564
39666433383130306661396435376136623335353730623465316338373135373766656139373365
61613538623236383566373332333835613562353762323132313337663136333034333465643066
32343838616431383966343338313839343866666233616563313063393064366464316330623837
39626362333239393339613639346131653733623437376638376136636539623663646239373961
39643732663838636337323838643437333534316434326231623365616531346161666261396566
34643061336335633363386266333339666331356639316139363631643437356436336363343133
38313336393664353731316430643933313633373735333962646539333761303964363666613262
34396361643335386636353234396230313732646532633932383665663365636164303139306332
37396539363661336131383161633863393463663438303836336433653936333732373764336330
66383033613766333165336438663061386134613931646239643138373832306434303562313433
33633739316533653038363865353863623438643938633764643438346630306534356466653261
38613164393939353232656338663535656433626433613064363064353630346238306135363630
63393363303035363532663465356337393661353964633534633461663066363433346631336431
66303137663362623831316662623838626465666666303962373065623535373136653564316536
38303462613664636266326531323762313130653032396137623739646662346437323263623862
36363232396535383538356461373838363430363031353864316338306333376262353064613662
32656631323762376337633434663764633331373730636361396132346430383037303262306539
38323866653434643964346561306339633034313336333066613031363964323866386130326639
62656265623531323531363435386633623961396165656137666162666334323933393562393833
34646661333730356136383737653034636366356163376165346630316365613230393432393533
62323432393664376432653035646234333833656464356662313239316235613862366661376566
32326135323137633462663665393631393663643763303935386431623430386161366531616562
39636134393263323136646435396162376135306438663439323131333039666265313031626664
62306330333261346530366135623336343430643439343366323931613261663632643661376163
30313330336331646262626434376262333739366532303936326564656162343239643464613264
30656238366661366466363239303834383335363361633963386430383061643666646634613631
35613965333165363739646633396236363234313935616538623964326330366461313535343038
38353837613063643439336461613037393537343936306232363966323135366433316630623366
64333436633666383666343230623730326438653635366530663832366337336463643131303238
66376361366566356565326263306430666439396232663337353134663138326264376136366661
61633030346235616438643035313765623761333332313562663632343331376665316465366530
34376633323063323830383466633436646636366134383033306130616434356636383037323430
38613538326135363066623837643930376464303162636538303962303331313730326163336663
31666136313662333666326164356565363565623263646435333561396136633332396536373137
38343263633435613065633266646238653761383966663462663564643465623038383839386365
39316462623731333531353036613835636630343666653634356533323034333331376539666434
6161663334316235356639616338386335323733663032356662
